0 5 1 0.467887 2 0.222835 4 0.014790 5 0.243185 7 0.054691
1 5 0 0.467887 4 0.132938 5 0.689289 12 0.378577 29 0.067866
2 5 0 0.222835 6 0.132938 7 0.689289 16 0.378577 34 0.067866
3 6 4 0.190522 9 0.132938 10 0.689289 11 0.132938 27 0.378577 51 0.067866
4 9 0 0.014790 1 0.132938 3 0.190522 5 0.190522 10 0.132938 11 0.689289 12 0.132938 28 0.378577 52 0.067866
5 8 0 0.243185 1 0.689289 4 0.190522 11 0.132938 12 0.689289 13 0.132938 29 0.378577 53 0.067866
6 7 2 0.132938 7 0.190522 14 0.132938 15 0.689289 16 0.132938 33 0.378577 59 0.067866
7 8 0 0.054691 2 0.689289 6 0.190522 15 0.132938 16 0.689289 17 0.132938 34 0.378577 60 0.067866
8 5 18 0.132938 19 0.689289 20 0.132938 38 0.378577 66 0.067866
9 7 3 0.132938 10 0.190522 25 0.132938 26 0.689289 27 0.132938 50 0.378577 85 0.067866
10 9 3 0.689289 4 0.132938 9 0.190522 11 0.190522 26 0.132938 27 0.689289 28 0.132938 51 0.378577 86 0.067866
11 10 3 0.132938 4 0.689289 5 0.132938 10 0.190522 12 0.190522 27 0.132938 28 0.689289 29 0.132938 52 0.378577 87 0.067866
12 10 1 0.378577 4 0.132938 5 0.689289 11 0.190522 13 0.190522 28 0.132938 29 0.689289 30 0.132938 53 0.378577 88 0.067866
13 6 5 0.132938 12 0.190522 29 0.132938 30 0.689289 54 0.378577 89 0.067866
14 7 6 0.132938 15 0.190522 31 0.132938 32 0.689289 33 0.132938 58 0.378577 92 0.067866
15 9 6 0.689289 7 0.132938 14 0.190522 16 0.190522 32 0.132938 33 0.689289 34 0.132938 59 0.378577 93 0.067866
16 10 2 0.378577 6 0.132938 7 0.689289 15 0.190522 17 0.190522 33 0.132938 34 0.689289 35 0.132938 60 0.378577 94 0.067866
17 6 7 0.132938 16 0.190522 34 0.132938 35 0.689289 61 0.378577 95 0.067866
18 7 8 0.132938 19 0.190522 36 0.132938 37 0.689289 38 0.132938 65 0.378577 99 0.067866
19 8 8 0.689289 18 0.190522 20 0.190522 37 0.132938 38 0.689289 39 0.132938 66 0.378577 100 0.067866
20 6 8 0.132938 19 0.190522 38 0.132938 39 0.689289 67 0.378577 101 0.067866
21 6 22 0.190522 44 0.132938 45 0.689289 46 0.132938 80 0.378577 120 0.067866
22 7 21 0.190522 23 0.190522 45 0.132938 46 0.689289 47 0.132938 81 0.378577 121 0.067866
23 7 22 0.190522 24 0.190522 46 0.132938 47 0.689289 48 0.132938 82 0.378577 122 0.067866
24 5 23 0.190522 47 0.132938 48 0.689289 83 0.378577 123 0.067866
25 4 9 0.132938 26 0.190522 49 0.689289 50 0.132938
26 8 9 0.689289 10 0.132938 25 0.190522 27 0.190522 49 0.132938 50 0.689289 51 0.132938 85 0.378577
27 11 3 0.378577 9 0.132938 10 0.689289 11 0.132938 26 0.190522 28 0.190522 50 0.132938 51 0.689289 52 0.132938 86 0.378577 125 0.067866
28 11 4 0.378577 10 0.132938 11 0.689289 12 0.132938 27 0.190522 29 0.190522 51 0.132938 52 0.689289 53 0.132938 87 0.378577 126 0.067866
29 12 1 0.067866 5 0.378577 11 0.132938 12 0.689289 13 0.132938 28 0.190522 30 0.190522 52 0.132938 53 0.689289 54 0.132938 88 0.378577 127 0.067866
30 8 12 0.132938 13 0.689289 29 0.190522 53 0.132938 54 0.689289 55 0.132938 89 0.378577 128 0.067866
31 6 14 0.132938 32 0.190522 56 0.132938 57 0.689289 58 0.132938 91 0.378577
32 9 14 0.689289 15 0.132938 31 0.190522 33 0.190522 57 0.132938 58 0.689289 59 0.132938 92 0.378577 131 0.067866
33 11 6 0.378577 14 0.132938 15 0.689289 16 0.132938 32 0.190522 34 0.190522 58 0.132938 59 0.689289 60 0.132938 93 0.378577 132 0.067866
34 12 2 0.067866 7 0.378577 15 0.132938 16 0.689289 17 0.132938 33 0.190522 35 0.190522 59 0.132938 60 0.689289 61 0.132938 94 0.378577 133 0.067866
35 8 16 0.132938 17 0.689289 34 0.190522 60 0.132938 61 0.689289 62 0.132938 95 0.378577 134 0.067866
36 7 18 0.132938 37 0.190522 63 0.132938 64 0.689289 65 0.132938 98 0.378577 137 0.067866
37 9 18 0.689289 19 0.132938 36 0.190522 38 0.190522 64 0.132938 65 0.689289 66 0.132938 99 0.378577 138 0.067866
38 11 8 0.378577 18 0.132938 19 0.689289 20 0.132938 37 0.190522 39 0.190522 65 0.132938 66 0.689289 67 0.132938 100 0.378577 139 0.067866
39 8 19 0.132938 20 0.689289 38 0.190522 66 0.132938 67 0.689289 68 0.132938 101 0.378577 140 0.067866
40 5 41 0.190522 69 0.132938 70 0.689289 71 0.132938 105 0.378577
41 4 40 0.190522 70 0.132938 71 0.689289 106 0.378577
42 3 72 0.132938 73 0.689289 110 0.378577
43 3 44 0.190522 78 0.689289 79 0.132938
44 7 21 0.132938 43 0.190522 45 0.190522 78 0.132938 79 0.689289 80 0.132938 119 0.378577
45 9 21 0.689289 22 0.132938 44 0.190522 46 0.190522 79 0.132938 80 0.689289 81 0.132938 120 0.378577 144 0.067866
46 10 21 0.132938 22 0.689289 23 0.132938 45 0.190522 47 0.190522 80 0.132938 81 0.689289 82 0.132938 121 0.378577 145 0.067866
47 10 22 0.132938 23 0.689289 24 0.132938 46 0.190522 48 0.190522 81 0.132938 82 0.689289 83 0.132938 122 0.378577 146 0.067866
48 8 23 0.132938 24 0.689289 47 0.190522 82 0.132938 83 0.689289 84 0.132938 123 0.378577 147 0.067866
49 4 25 0.689289 26 0.132938 50 0.190522 85 0.132938
50 8 9 0.378577 25 0.132938 26 0.689289 27 0.132938 49 0.190522 51 0.190522 85 0.689289 86 0.132938
51 11 3 0.067866 10 0.378577 26 0.132938 27 0.689289 28 0.132938 50 0.190522 52 0.190522 85 0.132938 86 0.689289 87 0.132938 125 0.378577
52 12 4 0.067866 11 0.378577 27 0.132938 28 0.689289 29 0.132938 51 0.190522 53 0.190522 86 0.132938 87 0.689289 88 0.132938 126 0.378577 148 0.067866
53 12 5 0.067866 12 0.378577 28 0.132938 29 0.689289 30 0.132938 52 0.190522 54 0.190522 87 0.132938 88 0.689289 89 0.132938 127 0.378577 149 0.067866
54 10 13 0.378577 29 0.132938 30 0.689289 53 0.190522 55 0.190522 88 0.132938 89 0.689289 90 0.132938 128 0.378577 150 0.067866
55 6 30 0.132938 54 0.190522 89 0.132938 90 0.689289 129 0.378577 151 0.067866
56 3 31 0.132938 57 0.190522 91 0.132938
57 6 31 0.689289 32 0.132938 56 0.190522 58 0.190522 91 0.689289 92 0.132938
58 10 14 0.378577 31 0.132938 32 0.689289 33 0.132938 57 0.190522 59 0.190522 91 0.132938 92 0.689289 93 0.132938 131 0.378577
59 12 6 0.067866 15 0.378577 32 0.132938 33 0.689289 34 0.132938 58 0.190522 60 0.190522 92 0.132938 93 0.689289 94 0.132938 132 0.378577 153 0.067866
60 12 7 0.067866 16 0.378577 33 0.132938 34 0.689289 35 0.132938 59 0.190522 61 0.190522 93 0.132938 94 0.689289 95 0.132938 133 0.378577 154 0.067866
61 10 17 0.378577 34 0.132938 35 0.689289 60 0.190522 62 0.190522 94 0.132938 95 0.689289 96 0.132938 134 0.378577 155 0.067866
62 6 35 0.132938 61 0.190522 95 0.132938 96 0.689289 135 0.378577 156 0.067866
63 4 36 0.132938 64 0.190522 97 0.689289 98 0.132938
64 8 36 0.689289 37 0.132938 63 0.190522 65 0.190522 97 0.132938 98 0.689289 99 0.132938 137 0.378577
65 10 18 0.378577 36 0.132938 37 0.689289 38 0.132938 64 0.190522 66 0.190522 98 0.132938 99 0.689289 100 0.132938 138 0.378577
66 11 8 0.067866 19 0.378577 37 0.132938 38 0.689289 39 0.132938 65 0.190522 67 0.190522 99 0.132938 100 0.689289 101 0.132938 139 0.378577
67 9 20 0.378577 38 0.132938 39 0.689289 66 0.190522 68 0.190522 100 0.132938 101 0.689289 102 0.132938 140 0.378577
68 5 39 0.132938 67 0.190522 101 0.132938 102 0.689289 141 0.378577
69 5 40 0.132938 70 0.190522 103 0.132938 104 0.689289 105 0.132938
70 7 40 0.689289 41 0.132938 69 0.190522 71 0.190522 104 0.132938 105 0.689289 106 0.132938
71 6 40 0.132938 41 0.689289 70 0.190522 105 0.132938 106 0.689289 107 0.132938
72 5 42 0.132938 73 0.190522 108 0.132938 109 0.689289 110 0.132938
73 5 42 0.689289 72 0.190522 109 0.132938 110 0.689289 111 0.132938
74 1 112 0.132938
75 4 76 0.190522 115 0.132938 116 0.689289 117 0.132938
76 5 75 0.190522 77 0.190522 116 0.132938 117 0.689289 118 0.132938
77 3 76 0.190522 117 0.132938 118 0.689289
78 4 43 0.689289 44 0.132938 79 0.190522 119 0.132938
79 7 43 0.132938 44 0.689289 45 0.132938 78 0.190522 80 0.190522 119 0.689289 120 0.132938
80 10 21 0.378577 44 0.132938 45 0.689289 46 0.132938 79 0.190522 81 0.190522 119 0.132938 120 0.689289 121 0.132938 144 0.378577
81 10 22 0.378577 45 0.132938 46 0.689289 47 0.132938 80 0.190522 82 0.190522 120 0.132938 121 0.689289 122 0.132938 145 0.378577
82 10 23 0.378577 46 0.132938 47 0.689289 48 0.132938 81 0.190522 83 0.190522 121 0.132938 122 0.689289 123 0.132938 146 0.378577
83 9 24 0.378577 47 0.132938 48 0.689289 82 0.190522 84 0.190522 122 0.132938 123 0.689289 124 0.132938 147 0.378577
84 4 48 0.132938 83 0.190522 123 0.132938 124 0.689289
85 7 9 0.067866 26 0.378577 49 0.132938 50 0.689289 51 0.132938 86 0.190522 125 0.132938
86 9 10 0.067866 27 0.378577 50 0.132938 51 0.689289 52 0.132938 85 0.190522 87 0.190522 125 0.689289 126 0.132938
87 11 11 0.067866 28 0.378577 51 0.132938 52 0.689289 53 0.132938 86 0.190522 88 0.190522 125 0.132938 126 0.689289 127 0.132938 148 0.378577
88 11 12 0.067866 29 0.378577 52 0.132938 53 0.689289 54 0.132938 87 0.190522 89 0.190522 126 0.132938 127 0.689289 128 0.132938 149 0.378577
89 11 13 0.067866 30 0.378577 53 0.132938 54 0.689289 55 0.132938 88 0.190522 90 0.190522 127 0.132938 128 0.689289 129 0.132938 150 0.378577
90 7 54 0.132938 55 0.689289 89 0.190522 128 0.132938 129 0.689289 130 0.132938 151 0.378577
91 6 31 0.378577 56 0.132938 57 0.689289 58 0.132938 92 0.190522 131 0.132938
92 9 14 0.067866 32 0.378577 57 0.132938 58 0.689289 59 0.132938 91 0.190522 93 0.190522 131 0.689289 132 0.132938
93 11 15 0.067866 33 0.378577 58 0.132938 59 0.689289 60 0.132938 92 0.190522 94 0.190522 131 0.132938 132 0.689289 133 0.132938 153 0.378577
94 11 16 0.067866 34 0.378577 59 0.132938 60 0.689289 61 0.132938 93 0.190522 95 0.190522 132 0.132938 133 0.689289 134 0.132938 154 0.378577
95 11 17 0.067866 35 0.378577 60 0.132938 61 0.689289 62 0.132938 94 0.190522 96 0.190522 133 0.132938 134 0.689289 135 0.132938 155 0.378577
96 7 61 0.132938 62 0.689289 95 0.190522 134 0.132938 135 0.689289 136 0.132938 156 0.378577
97 4 63 0.689289 64 0.132938 98 0.190522 137 0.132938
98 8 36 0.378577 63 0.132938 64 0.689289 65 0.132938 97 0.190522 99 0.190522 137 0.689289 138 0.132938
99 10 18 0.067866 37 0.378577 64 0.132938 65 0.689289 66 0.132938 98 0.190522 100 0.190522 137 0.132938 138 0.689289 139 0.132938
100 10 19 0.067866 38 0.378577 65 0.132938 66 0.689289 67 0.132938 99 0.190522 101 0.190522 138 0.132938 139 0.689289 140 0.132938
101 10 20 0.067866 39 0.378577 66 0.132938 67 0.689289 68 0.132938 100 0.190522 102 0.190522 139 0.132938 140 0.689289 141 0.132938
102 6 67 0.132938 68 0.689289 101 0.190522 140 0.132938 141 0.689289 142 0.132938
103 2 69 0.132938 104 0.190522
104 4 69 0.689289 70 0.132938 103 0.190522 105 0.190522
105 6 40 0.378577 69 0.132938 70 0.689289 71 0.132938 104 0.190522 106 0.190522
106 6 41 0.378577 70 0.132938 71 0.689289 105 0.190522 107 0.190522 143 0.132938
107 3 71 0.132938 106 0.190522 143 0.689289
108 2 72 0.132938 109 0.190522
109 4 72 0.689289 73 0.132938 108 0.190522 110 0.190522
110 5 42 0.378577 72 0.132938 73 0.689289 109 0.190522 111 0.190522
111 2 73 0.132938 110 0.190522
112 1 74 0.132938
113 1 114 0.190522
114 2 113 0.190522 115 0.190522
115 3 75 0.132938 114 0.190522 116 0.190522
116 4 75 0.689289 76 0.132938 115 0.190522 117 0.190522
117 5 75 0.132938 76 0.689289 77 0.132938 116 0.190522 118 0.190522
118 3 76 0.132938 77 0.689289 117 0.190522
119 6 44 0.378577 78 0.132938 79 0.689289 80 0.132938 120 0.190522 144 0.132938
120 9 21 0.067866 45 0.378577 79 0.132938 80 0.689289 81 0.132938 119 0.190522 121 0.190522 144 0.689289 145 0.132938
121 10 22 0.067866 46 0.378577 80 0.132938 81 0.689289 82 0.132938 120 0.190522 122 0.190522 144 0.132938 145 0.689289 146 0.132938
122 10 23 0.067866 47 0.378577 81 0.132938 82 0.689289 83 0.132938 121 0.190522 123 0.190522 145 0.132938 146 0.689289 147 0.132938
123 9 24 0.067866 48 0.378577 82 0.132938 83 0.689289 84 0.132938 122 0.190522 124 0.190522 146 0.132938 147 0.689289
124 4 83 0.132938 84 0.689289 123 0.190522 147 0.132938
125 7 27 0.067866 51 0.378577 85 0.132938 86 0.689289 87 0.132938 126 0.190522 148 0.132938
126 10 28 0.067866 52 0.378577 86 0.132938 87 0.689289 88 0.132938 125 0.190522 127 0.190522 148 0.689289 149 0.132938 158 0.014790
127 11 29 0.067866 53 0.378577 87 0.132938 88 0.689289 89 0.132938 126 0.190522 128 0.190522 148 0.132938 149 0.689289 150 0.132938 158 0.243185
128 10 30 0.067866 54 0.378577 88 0.132938 89 0.689289 90 0.132938 127 0.190522 129 0.190522 149 0.132938 150 0.689289 151 0.132938
129 8 55 0.378577 89 0.132938 90 0.689289 128 0.190522 130 0.190522 150 0.132938 151 0.689289 152 0.132938
130 4 90 0.132938 129 0.190522 151 0.132938 152 0.689289
131 7 32 0.067866 58 0.378577 91 0.132938 92 0.689289 93 0.132938 132 0.190522 153 0.132938
132 9 33 0.067866 59 0.378577 92 0.132938 93 0.689289 94 0.132938 131 0.190522 133 0.190522 153 0.689289 154 0.132938
133 11 34 0.067866 60 0.378577 93 0.132938 94 0.689289 95 0.132938 132 0.190522 134 0.190522 153 0.132938 154 0.689289 155 0.132938 158 0.054691
134 10 35 0.067866 61 0.378577 94 0.132938 95 0.689289 96 0.132938 133 0.190522 135 0.190522 154 0.132938 155 0.689289 156 0.132938
135 8 62 0.378577 95 0.132938 96 0.689289 134 0.190522 136 0.190522 155 0.132938 156 0.689289 157 0.132938
136 4 96 0.132938 135 0.190522 156 0.132938 157 0.689289
137 6 36 0.067866 64 0.378577 97 0.132938 98 0.689289 99 0.132938 138 0.190522
138 7 37 0.067866 65 0.378577 98 0.132938 99 0.689289 100 0.132938 137 0.190522 139 0.190522
139 7 38 0.067866 66 0.378577 99 0.132938 100 0.689289 101 0.132938 138 0.190522 140 0.190522
140 7 39 0.067866 67 0.378577 100 0.132938 101 0.689289 102 0.132938 139 0.190522 141 0.190522
141 5 68 0.378577 101 0.132938 102 0.689289 140 0.190522 142 0.190522
142 2 102 0.132938 141 0.190522
143 2 106 0.132938 107 0.689289
144 6 45 0.067866 80 0.378577 119 0.132938 120 0.689289 121 0.132938 145 0.190522
145 7 46 0.067866 81 0.378577 120 0.132938 121 0.689289 122 0.132938 144 0.190522 146 0.190522
146 7 47 0.067866 82 0.378577 121 0.132938 122 0.689289 123 0.132938 145 0.190522 147 0.190522
147 6 48 0.067866 83 0.378577 122 0.132938 123 0.689289 124 0.132938 146 0.190522
148 7 52 0.067866 87 0.378577 125 0.132938 126 0.689289 127 0.132938 149 0.190522 158 0.174764
149 8 53 0.067866 88 0.378577 126 0.132938 127 0.689289 128 0.132938 148 0.190522 150 0.190522 158 0.467887
150 7 54 0.067866 89 0.378577 127 0.132938 128 0.689289 129 0.132938 149 0.190522 151 0.190522
151 7 55 0.067866 90 0.378577 128 0.132938 129 0.689289 130 0.132938 150 0.190522 152 0.190522
152 3 129 0.132938 130 0.689289 151 0.190522
153 6 59 0.067866 93 0.378577 131 0.132938 132 0.689289 133 0.132938 154 0.190522
154 8 60 0.067866 94 0.378577 132 0.132938 133 0.689289 134 0.132938 153 0.190522 155 0.190522 158 0.222835
155 7 61 0.067866 95 0.378577 133 0.132938 134 0.689289 135 0.132938 154 0.190522 156 0.190522
156 7 62 0.067866 96 0.378577 134 0.132938 135 0.689289 136 0.132938 155 0.190522 157 0.190522
157 3 135 0.132938 136 0.689289 156 0.190522
158 6 126 0.014790 127 0.243185 133 0.054691 148 0.174764 149 0.467887 154 0.222835
